16471646.704227913
17589347.237764392
17257140.875913963
15218715.225183738
17013407.793788347
17137652.745334078
14960975.17167379
15037564.86316205
15825682.639000002
17146104.64528651
17276148.72818551
15474382.822299622
15669960.378361821
14806271.527644675
16499020.388775406
20576026.039314505
13674625.17866898
16687274.677451625
16250631.03395065
16057249.945040444
21079610.307031255
17203834.162654508
16519840.481058512
16122901.162931096
18514916.6688028
14705111.532470997
15940547.09147726
13755158.30915954
14592651.20178223
15357003.898815501
15729178.260192754
17309081.215050474
22214610.475806326
20428208.01682143
18867705.277516477
22209216.896176394
16109823.396948842
15618122.259686593
13671808.874638202
16812258.528538253
